$ 0 0.000005 11.086722712598126 54 5 50 5e-11
v -48 -368 -112 -368 0 1 20 0.5 0 0 0.5
w 352 224 384 224 0
w 512 240 480 240 0
207 688 240 688 192 4 out
r 384 112 448 112 0 270000
c 448 32 384 32 4 2.7e-9 0.3132579627764809 0.001 0
w 352 112 352 224 0
r 240 224 304 224 0 47000
409 384 240 464 240 1 0.6 -4.587828662297266 0.0231 0
c 240 224 176 224 4 0.000015000000000000002 4.603593348434148 0.001 0
d 560 240 624 240 2 default
r 624 240 624 304 0 10000
g 624 304 624 320 0 0
w 624 240 688 240 0
c 688 240 688 304 4 0.000033 0.7875667374337681 0.001 0.1
g 688 304 688 320 0 0
r 720 240 800 240 0 3300
w 720 240 688 240 0
t 800 240 832 240 0 1 -0.7361435273043068 0.6351600737370832 100 default
w 832 256 832 288 0
g 832 288 832 320 0 0
162 832 176 832 224 2 default-led 1 0 0 0.01
r 832 176 832 128 0 330
207 1264 -32 1264 -96 4 \p9V
v 1184 -32 1264 -32 0 0 40 9 0 0 0.5
g 1184 -32 1184 0 0 0
r 1264 -32 1344 -32 0 100000
r 1344 -32 1424 -32 0 105000
c 1344 -32 1344 32 4 5e-9 4.6062119299464515 0.001 0
g 1344 32 1344 48 0 0
g 1424 -32 1424 16 0 0
207 1504 -224 1568 -224 4 Vrtual_gnd
207 1424 -256 1424 -288 4 \p9V
w 1344 -32 1344 -240 0
w 1344 -240 1392 -240 0
w 1392 -208 1392 -144 0
w 1392 -144 1504 -144 0
w 1504 -144 1504 -224 0
w 1504 -224 1472 -224 0
409 1392 -224 1472 -224 3 0.6 -4.470403931042288 0.023100000000000002 0
g 1424 -192 1424 -176 0 0
207 416 208 416 160 4 \p9V
207 832 128 832 64 4 Vrtual_gnd
w 384 112 352 112 0
w 448 112 480 112 0
w 480 112 480 240 0
w 480 240 464 240 0
207 384 256 336 256 4 Vrtual_gnd
g 416 272 416 304 0 0
w 352 112 352 32 0
w 352 32 384 32 0
w 448 32 480 32 0
w 480 32 480 112 0
c 512 240 560 240 4 0.000009999999999999999 3.649593107777482 0.001 0
w 560 240 560 256 0
r 560 256 560 304 0 1000
g 560 304 560 320 0 0
w 352 224 304 224 0
w 352 -368 384 -368 0
w 512 -352 480 -352 0
207 624 -352 624 -400 4 out
r 384 -480 448 -480 0 270000
c 448 -560 384 -560 4 2.2000000000000002e-10 0.04716242536901394 0.001 0
w 352 -480 352 -368 0
409 384 -352 464 -352 1 0.6 -4.045393884302046 0.0231 0
d 560 -352 624 -352 2 default
r 624 -352 624 -288 0 10000
g 624 -288 624 -272 0 0
w 624 -352 688 -352 0
c 688 -352 688 -288 4 0.00001 0.7876953320046485 0.001 0
g 688 -288 688 -272 0 0
r 720 -352 800 -352 0 3300
w 720 -352 688 -352 0
t 800 -352 832 -352 0 1 -0.7361435272983882 0.6351600737371402 100 default
w 832 -336 832 -304 0
g 832 -304 832 -272 0 0
162 832 -416 832 -368 2 default-led 1 1 0 0.01
r 832 -416 832 -464 0 330
207 416 -384 416 -432 4 \p9V
207 832 -464 832 -528 4 Vrtual_gnd
w 384 -480 352 -480 0
w 448 -480 480 -480 0
w 480 -480 480 -352 0
w 480 -352 464 -352 0
207 384 -336 336 -336 4 Vrtual_gnd
g 416 -320 416 -288 0 0
w 352 -480 352 -560 0
w 352 -560 384 -560 0
w 448 -560 480 -560 0
w 480 -560 480 -480 0
c 512 -352 560 -352 4 0.000001 4.653792837135915 0.001 0
w 560 -352 560 -336 0
r 560 -336 560 -288 0 1000
g 560 -288 560 -272 0 0
w 352 -368 304 -368 0
c 240 -368 176 -368 4 1.7000000000000001e-9 4.695365899130866 0.001 0
r 240 -368 304 -368 0 47000
g -112 -368 -112 -336 0 0
w -48 -368 64 -368 0
w 64 -368 176 -368 0
w 64 -368 64 224 0
w 176 224 64 224 0
c 160 -928 208 -928 4 1e-9 -4.6983223846981215 0.001 0.1
w 208 -928 272 -928 0
r 272 -816 272 -752 0 33000
w 272 -928 336 -928 0
r 464 -816 384 -816 0 1000000
w 464 -816 496 -816 0
w 496 -816 496 -912 0
w 640 -912 656 -912 0
r 656 -912 656 -848 0 1000
w 656 -912 704 -912 0
c 704 -912 704 -848 4 0.000009999999999999999 0.00001619011194573202 0.001 0
g 656 -848 656 -816 0 0
g 704 -848 704 -816 0 0
r 384 -752 384 -816 0 150000
d 608 -912 640 -912 2 default
w 336 -928 384 -928 0
w 384 -896 384 -816 0
w 464 -912 496 -912 0
t 800 -912 832 -912 0 1 -4.597273079519749 0.00001620528327635693 100 spice-default
r 832 -1024 832 -976 0 330
162 832 -976 832 -928 2 default-led 0 1 0 0.01
g 832 -896 832 -864 0 0
r 704 -912 768 -912 0 3300
409 384 -912 464 -912 3 0.6 0 0.023100000000000002 2
207 416 -944 416 -976 4 \p9V
g 416 -880 416 -864 0 0
w 384 -752 272 -752 0
w 272 -928 272 -816 0
c 528 -912 576 -912 4 0.00001 4.588580783325166 0.001 0
r 592 -912 592 -848 0 1000
g 592 -848 592 -816 0 0
w 528 -912 496 -912 0
207 272 -752 272 -704 4 Vrtual_gnd
w 576 -912 592 -912 0
w 592 -912 608 -912 0
207 832 -1024 832 -1072 4 Vrtual_gnd
w 800 -912 768 -912 0
w 64 -368 64 -928 0
w 160 -928 64 -928 0
o 11 64 0 4098 2.5 0.00009765625 0 2 11 3
o 10 16 0 4099 4.026218889099448 0.0001 1 1
38 0 F1 3 20 8000 -1 Frequency

