$ 0 0.000005 11.086722712598126 54 5 50 5e-11
v 176 288 176 224 0 1 3050 0.5 0 0 0.5
w 352 224 384 224 0
w 512 240 480 240 0
g 176 288 176 304 0 0
207 624 240 624 192 4 out
207 176 224 176 176 4 in
r 384 112 448 112 0 270000
c 448 32 384 32 4 2.2000000000000002e-10 -0.10409046688802359 0.001 0
w 352 112 352 224 0
409 384 240 464 240 1 0.6 -3.7582358908794946 0.0231 0
d 560 240 624 240 2 default
r 624 240 624 304 0 10000
g 624 304 624 320 0 0
w 624 240 688 240 0
c 688 240 688 304 4 0.00001 0.9081163494073984 0.001 0
g 688 304 688 320 0 0
r 720 240 800 240 0 3300
w 720 240 688 240 0
t 800 240 832 240 0 1 0.38611065328746796 0.6487864426002858 100 default
w 832 256 832 288 0
g 832 288 832 320 0 0
162 832 176 832 224 2 default-led 1 0 0 0.01
r 832 176 832 128 0 330
207 1264 -32 1264 -96 4 \p9V
v 1184 -32 1264 -32 0 0 40 9 0 0 0.5
g 1184 -32 1184 0 0 0
r 1264 -32 1344 -32 0 100000
r 1344 -32 1424 -32 0 105000
c 1344 -32 1344 32 4 5e-9 4.606212785281217 0.001 0
g 1344 32 1344 48 0 0
g 1424 -32 1424 16 0 0
207 1504 -224 1568 -224 4 Vrtual_gnd
207 1424 -256 1424 -288 4 \p9V
w 1344 -32 1344 -240 0
w 1344 -240 1392 -240 0
w 1392 -208 1392 -144 0
w 1392 -144 1504 -144 0
w 1504 -144 1504 -224 0
w 1504 -224 1472 -224 0
409 1392 -224 1472 -224 3 0.6 -4.426016755374611 0.023100000000000002 0
g 1424 -192 1424 -176 0 0
207 416 208 416 160 4 \p9V
207 832 128 832 64 4 Vrtual_gnd
w 384 112 352 112 0
w 448 112 480 112 0
w 480 112 480 240 0
w 480 240 464 240 0
207 384 256 336 256 4 Vrtual_gnd
g 416 272 416 304 0 0
w 352 112 352 32 0
w 352 32 384 32 0
w 448 32 480 32 0
w 480 32 480 112 0
c 512 240 560 240 4 0.000001 4.699918654413379 0.001 0
w 560 240 560 256 0
r 560 256 560 304 0 1000
g 560 304 560 320 0 0
x 250 -85 611 -82 4 24 Set\sup\sfor\sLED\sto\sshine\s@\s~3\skHz
w 352 224 304 224 0
x -523 -20 -109 -17 4 24 As\sa\smatter\sof\sfact,\sis\sa\sband\spass\sfilter
x -502 51 80 54 4 24 The\sfirst\s(high\spass\sfilter)\sis\sset\sso\sthat\s-3dB\s@\s~2\skHz\s
x -500 111 -81 114 4 24 Low\spass\sis\sset\sso\sthat\s-3\sdB\s@\s~5\skHz
c 240 224 176 224 4 1.7000000000000001e-9 4.411960890700527 0.001 0
r 240 224 304 224 0 47000
o 4 1 0 4099 1.25 0.00009765625 0 2 4 3
38 0 F1 3 100 6000 -1 Frequency
