$ 0 0.000005 8.281975887399955 54 5 50 5e-11
v -112 -368 -176 -368 0 1 1855.4 0.3 0 0 0.5
w 352 112 384 112 0
w 512 128 480 128 0
r 384 0 448 0 0 270000
c 448 -80 384 -80 4 2.7e-9 -0.00374883229610834 0.001 0
w 352 0 352 112 0
r 240 112 304 112 0 47000
409 384 128 464 128 1 0.6 -3.934188687537527 0.0231 0
c 240 112 176 112 4 0.000015000000000000002 4.60620297575894 0.001 0
d 560 128 624 128 2 default
r 624 128 624 192 0 2000
g 624 192 624 208 0 0
w 624 128 688 128 0
c 688 128 688 192 4 0.000027000000000000002 0.37536558947729537 0.001 0.1
g 688 192 688 208 0 0
r 720 128 800 128 0 3300
w 720 128 688 128 0
t 800 128 832 128 0 1 -7.883958089545759 0.3753552221657173 100 default
w 832 144 832 176 0
g 832 176 832 208 0 0
162 832 64 832 112 2 default-led 1 0 0 0.01
r 832 64 832 16 0 1000
207 1376 -416 1376 -480 4 \p9V
v 1296 -416 1376 -416 0 0 40 9 0 0 0.5
g 1296 -416 1296 -336 0 0
r 1376 -416 1456 -416 0 100000
r 1456 -416 1536 -416 0 105000
c 1456 -416 1456 -352 4 5e-9 4.606216084078845 0.001 0
g 1456 -352 1456 -336 0 0
g 1536 -416 1536 -336 0 0
207 1616 -608 1680 -608 4 Vrtual_gnd
207 1536 -640 1536 -672 4 \p9V
w 1456 -416 1456 -624 0
w 1456 -624 1504 -624 0
w 1504 -592 1504 -528 0
w 1504 -528 1616 -528 0
w 1616 -528 1616 -608 0
w 1616 -608 1584 -608 0
409 1504 -608 1584 -608 3 0.6 -3.98968684452233 0.023100000000000002 0
g 1536 -576 1536 -560 0 0
207 416 96 416 48 4 \p9V
w 384 0 352 0 0
w 448 0 480 0 0
w 480 0 480 128 0
w 480 128 464 128 0
207 384 144 336 144 4 Vrtual_gnd
g 416 160 416 208 0 0
w 352 0 352 -80 0
w 352 -80 384 -80 0
w 448 -80 480 -80 0
w 480 -80 480 0 0
c 512 128 560 128 4 0.000009999999999999999 4.626617841237003 0.001 0
w 560 128 560 144 0
r 560 144 560 192 0 1000
g 560 192 560 208 0 0
w 352 112 304 112 0
w 352 -368 384 -368 0
w 512 -352 480 -352 0
r 384 -480 448 -480 0 270000
c 448 -560 384 -560 4 2.2000000000000002e-10 0.9897370165704142 0.001 0
w 352 -480 352 -368 0
409 384 -352 464 -352 1 0.6 -5.170449860290777 0.0231 0
d 560 -352 624 -352 2 default
r 624 -352 624 -288 0 10000
g 624 -288 624 -272 0 0
w 624 -352 688 -352 0
c 688 -352 688 -288 4 0.00001 0.9066723137882089 0.001 0
g 688 -288 688 -272 0 0
r 720 -352 800 -352 0 3300
w 720 -352 688 -352 0
t 800 -352 832 -352 0 1 0.4707642076172953 0.6462240824753158 100 default
w 832 -336 832 -304 0
g 832 -304 832 -272 0 0
162 832 -416 832 -368 2 default-led 1 1 0 0.01
r 832 -416 832 -464 0 1000
207 416 -384 416 -432 4 \p9V
w 384 -480 352 -480 0
w 448 -480 480 -480 0
w 480 -480 480 -352 0
w 480 -352 464 -352 0
207 384 -336 336 -336 4 Vrtual_gnd
g 416 -320 416 -272 0 0
w 352 -480 352 -560 0
w 352 -560 384 -560 0
w 448 -560 480 -560 0
w 480 -560 480 -480 0
c 512 -352 560 -352 4 0.000001 4.7277183048747276 0.001 0
w 560 -352 560 -336 0
r 560 -336 560 -288 0 1000
g 560 -288 560 -272 0 0
w 352 -368 304 -368 0
c 240 -368 176 -368 4 1.5000000000000002e-9 4.742501760864547 0.001 0
r 240 -368 304 -368 0 47000
g -176 -368 -176 -336 0 0
w -48 -368 64 -368 0
w 64 -368 176 -368 0
w 64 -368 64 112 0
w 176 112 64 112 0
c 160 -928 208 -928 4 1e-9 -4.827652814448098 0.001 0.1
w 208 -928 272 -928 0
r 272 -816 272 -752 0 33000
w 272 -928 336 -928 0
r 464 -816 384 -816 0 500000
w 464 -816 496 -816 0
w 496 -816 496 -912 0
w 640 -912 656 -912 0
r 656 -912 656 -848 0 1000
w 656 -912 704 -912 0
c 704 -912 704 -848 4 0.00001 0.5268292452272415 0.001 0
g 656 -848 656 -816 0 0
g 704 -848 704 -816 0 0
r 384 -752 384 -816 0 100000
d 608 -912 640 -912 2 default
w 336 -928 384 -928 0
w 384 -896 384 -816 0
w 464 -912 496 -912 0
t 800 -912 832 -912 0 1 -7.8339652402276 0.5268269570323542 100 spice-default
r 832 -1024 832 -976 0 1000
162 832 -976 832 -928 2 default-led 0 1 0 0.01
g 832 -896 832 -816 0 0
r 704 -912 768 -912 0 3300
409 384 -912 464 -912 3 0.6 0 0.023100000000000002 2
207 416 -944 416 -976 4 \p9V
g 416 -880 416 -864 0 0
w 384 -752 272 -752 0
w 272 -928 272 -816 0
c 528 -912 576 -912 4 0.00001 5.123742777255178 0.001 0
r 592 -912 592 -848 0 1000
g 592 -848 592 -816 0 0
w 528 -912 496 -912 0
207 272 -752 272 -704 4 Vrtual_gnd
w 576 -912 592 -912 0
w 592 -912 608 -912 0
w 800 -912 768 -912 0
w 64 -368 64 -928 0
w 160 -928 64 -928 0
368 624 128 624 80 1 0 low_out
368 624 -352 624 -400 1 0 band_out
368 656 -912 656 -960 1 0 high_out
368 496 -912 496 -960 1 0 high_filtered
v -48 -368 -112 -368 0 1 3291.8 0.3 0 0 0.5
207 832 16 832 -48 4 \p9V
207 832 -464 832 -528 4 \p9V
207 832 -1024 832 -1088 4 \p9V
207 -48 -368 -48 -416 4 Vin
403 -640 -768 -192 -480 0 144_4_0_4098_0.5998155733776794_0.0001_-1_1
o 136 8 0 4098 2.5 0.1 0 1
o 137 8 0 4098 5 0.1 1 1
o 138 8 0 4098 2.5 0.1 2 1
38 0 F1 3 20 8000 -1 Frequency
38 140 F1 3 20 8000 -1 Frequency

