$ 0 0.000005 26.59566520631553 54 5 50 5e-11
v 176 288 176 224 0 1 1326.8 0.5 0 0 0.5
w 352 224 384 224 0
w 512 240 480 240 0
g 176 288 176 304 0 0
207 688 240 688 192 4 out
207 176 224 176 176 4 in
r 384 112 448 112 0 270000
c 448 32 384 32 4 2.7e-9 0.3337700490772644 0.001 0
w 352 112 352 224 0
r 240 224 304 224 0 47000
409 384 240 464 240 1 0.6 -4.465045921526187 0.0231 0
c 240 224 176 224 4 0.000015000000000000002 4.600256516201144 0.001 0
d 560 240 624 240 2 default
r 624 240 624 304 0 10000
g 624 304 624 320 0 0
w 624 240 688 240 0
c 688 240 688 304 4 0.000033 0.596008107742662 0.001 0
g 688 304 688 320 0 0
r 720 240 800 240 0 3300
w 720 240 688 240 0
t 800 240 832 240 0 1 -2.3561183059711164 0.5787689208995762 100 default
w 832 256 832 288 0
g 832 288 832 320 0 0
162 832 176 832 224 2 default-led 1 0 0 0.01
r 832 176 832 128 0 330
207 1264 -32 1264 -96 4 \p9V
v 1184 -32 1264 -32 0 0 40 9 0 0 0.5
g 1184 -32 1184 0 0 0
r 1264 -32 1344 -32 0 100000
r 1344 -32 1424 -32 0 105000
c 1344 -32 1344 32 4 5e-9 4.6062154351425475 0.001 0
g 1344 32 1344 48 0 0
g 1424 -32 1424 16 0 0
207 1504 -224 1568 -224 4 Vrtual_gnd
207 1424 -256 1424 -288 4 \p9V
w 1344 -32 1344 -240 0
w 1344 -240 1392 -240 0
w 1392 -208 1392 -144 0
w 1392 -144 1504 -144 0
w 1504 -144 1504 -224 0
w 1504 -224 1472 -224 0
409 1392 -224 1472 -224 3 0.6 -4.154681810974528 0.023100000000000002 0
g 1424 -192 1424 -176 0 0
207 416 208 416 160 4 \p9V
207 832 128 832 64 4 Vrtual_gnd
w 384 112 352 112 0
w 448 112 480 112 0
w 480 112 480 240 0
w 480 240 464 240 0
207 384 256 336 256 4 Vrtual_gnd
g 416 272 416 304 0 0
w 352 112 352 32 0
w 352 32 384 32 0
w 448 32 480 32 0
w 480 32 480 112 0
c 512 240 560 240 4 0.000009999999999999999 4.667892160380566 0.001 0
w 560 240 560 256 0
r 560 256 560 304 0 1000
g 560 304 560 320 0 0
x 326 -197 630 -194 4 24 By\sformulas\s-3\sdB\s@\s196\sHz
x 250 -85 705 -82 4 24 Actually\sset\sup\sfor\sLED\sto\sshine\s@\s<500Hz
w 352 224 304 224 0
x -523 -20 -109 -17 4 24 As\sa\smatter\sof\sfact,\sis\sa\sband\spass\sfilter
x -502 51 74 54 4 24 The\sfirst\s(high\spass\sfilter)\sis\sset\sso\sthat\s-3dB\s@\s0.2\sHz\s
x -500 111 -80 114 4 24 Low\spass\sis\sset\sso\sthat\s-3\sdB\s@\s196\sHz
o 4 64 0 4099 2.5 0.00009765625 0 2 4 3
o 5 64 0 4099 0.625 0.00009765625 1 2 5 3
38 0 F1 3 20 2000 -1 Frequency
