$ 0 0.000005 8.281975887399955 54 5 50 5e-11
v 176 288 176 224 0 1 5941 0.5 0 0 0.5
w 352 224 384 224 0
w 512 240 480 240 0
g 176 288 176 304 0 0
207 688 240 688 192 4 out
207 176 224 176 176 4 in
r 336 112 400 112 0 220
w 320 112 320 224 0
409 384 240 464 240 1 0.6 -3.0266164267725033 0.0231 0
d 560 240 624 240 2 default
r 624 240 624 304 0 10000
g 624 304 624 320 0 0
w 624 240 688 240 0
c 688 240 688 304 4 0.00001 0.6042854666117087 0.001 0
g 688 304 688 320 0 0
r 720 240 800 240 0 10000
w 720 240 688 240 0
t 800 240 832 240 0 1 -6.61424465580828 0.5687805219219992 100 default
w 832 256 832 288 0
g 832 288 832 320 0 0
162 832 176 832 224 2 default-led 1 0 0 0.01
r 832 176 832 128 0 1000
207 1264 -32 1264 -96 4 \p9V
v 1184 -32 1264 -32 0 0 40 9 0 0 0.5
g 1184 -32 1184 0 0 0
r 1264 -32 1344 -32 0 100000
r 1344 -32 1424 -32 0 105000
c 1344 -32 1344 32 4 5e-9 4.606215600780419 0.001 0
g 1344 32 1344 48 0 0
g 1424 -32 1424 16 0 0
207 1504 -224 1568 -224 4 Vrtual_gnd
207 1424 -256 1424 -288 4 \p9V
w 1344 -32 1344 -240 0
w 1344 -240 1392 -240 0
w 1392 -208 1392 -144 0
w 1392 -144 1504 -144 0
w 1504 -144 1504 -224 0
w 1504 -224 1472 -224 0
409 1392 -224 1472 -224 3 0.6 -3.9990700155060157 0.023100000000000002 0
g 1424 -192 1424 -176 0 0
207 416 208 416 160 4 \p9V
w 480 112 480 240 0
w 480 240 464 240 0
207 384 256 336 256 4 Vrtual_gnd
g 416 272 416 304 0 0
w 320 112 320 32 0
w 480 32 480 112 0
c 512 240 560 240 4 0.000001 4.6437410429537795 0.001 0
w 560 240 560 256 0
r 560 256 560 304 0 1000
g 560 304 560 320 0 0
x 250 -85 653 -82 4 24 Set\sup\sfor\sLED\sto\sshine\s@\s~3\skHz
w 352 224 320 224 0
x -523 -20 -48 -17 4 24 As\sa\smatter\sof\sfact,\sis\sa\sband\spass\sfilter
x -502 51 161 54 4 24 The\sfirst\s(high\spass\sfilter)\sis\sset\sso\sthat\s-3dB\s@\s~2\skHz\s
x -500 111 -31 114 4 24 Low\spass\sis\sset\sso\sthat\s-3\sdB\s@\s~4\skHz
c 240 224 176 224 4 0.000001 4.48091209964303 0.001 0
r 240 224 320 224 0 100
c 432 32 384 32 4 1.0000000000000001e-7 -0.8346351393249694 0.001 0
r 400 112 464 112 0 220
w 336 112 320 112 0
w 464 112 480 112 0
w 480 32 432 32 0
w 384 32 320 32 0
207 832 128 832 64 4 \p9V
o 4 1 0 4099 1.25 0.00009765625 0 2 4 3
38 0 F1 3 100 6000 -1 Frequency
