$ 0 0.000005 8.281975887399955 54 5 50 5e-11
v -112 -368 -176 -368 0 1 1855.4 0.3 0 0 0.5
w 352 64 384 64 0
w 512 80 480 80 0
r 384 -32 448 -32 0 10000
c 448 -128 384 -128 4 1.0000000000000001e-7 -0.00374883229610834 0.001 0
w 352 -48 352 64 0
r 240 64 304 64 0 1000
409 384 80 464 80 1 0.6 -3.934188687537527 0.0231 0
c 240 64 176 64 4 0.00009999999999999999 4.60620297575894 0.001 0
d 560 80 624 80 2 default
r 624 80 624 144 0 2000
g 624 144 624 160 0 0
w 624 80 688 80 0
c 688 80 688 144 4 0.000027000000000000002 0.37536558947729537 0.001 0.1
g 688 144 688 160 0 0
r 720 80 800 80 0 4700
w 720 80 688 80 0
t 800 80 832 80 0 1 -7.883958089545759 0.3753552221657173 100 default
w 832 96 832 128 0
g 832 128 832 160 0 0
162 832 16 832 64 2 default-led 1 0 0 0.01
r 832 16 832 -32 0 1000
207 1376 -416 1376 -480 4 \p9V
v 1296 -416 1376 -416 0 0 40 9 0 0 0.5
g 1296 -416 1296 -336 0 0
r 1376 -416 1456 -416 0 100000
r 1456 -416 1536 -416 0 100000
g 1536 -416 1536 -336 0 0
207 1616 -608 1680 -608 4 Vrtual_gnd
207 1536 -640 1536 -672 4 \p9V
w 1456 -416 1456 -624 0
w 1456 -624 1504 -624 0
w 1504 -592 1504 -528 0
w 1504 -528 1616 -528 0
w 1616 -528 1616 -608 0
w 1616 -608 1584 -608 0
409 1504 -608 1584 -608 3 0.6 -3.98968684452233 0.023100000000000002 0
g 1536 -576 1536 -560 0 0
207 416 48 416 0 4 \p9V
w 384 -48 352 -48 0
w 448 -48 480 -48 0
w 480 -48 480 80 0
w 480 80 464 80 0
207 384 96 336 96 4 Vrtual_gnd
g 416 112 416 160 0 0
w 352 -48 352 -128 0
w 352 -128 384 -128 0
w 448 -128 480 -128 0
w 480 -128 480 -48 0
c 512 80 560 80 4 0.000009999999999999999 4.626617841237003 0.001 0
w 560 80 560 96 0
r 560 96 560 144 0 1000
g 560 144 560 160 0 0
w 352 64 304 64 0
w 352 -368 384 -368 0
w 512 -352 480 -352 0
r 400 -480 464 -480 0 220
c 448 -560 352 -560 4 1.0000000000000001e-7 0.9897370165704142 0.001 0
w 304 -480 304 -368 0
409 384 -352 464 -352 1 0.6 -5.170449860290777 0.0231 0
d 560 -352 624 -352 2 default
r 624 -352 624 -288 0 10000
g 624 -288 624 -272 0 0
w 624 -352 688 -352 0
c 688 -352 688 -288 4 0.00001 0.9066723137882089 0.001 0
g 688 -288 688 -272 0 0
r 720 -352 800 -352 0 10000
w 720 -352 688 -352 0
t 800 -352 832 -352 0 1 0.4707642076172953 0.6462240824753158 100 default
w 832 -336 832 -304 0
g 832 -304 832 -272 0 0
162 832 -416 832 -368 2 default-led 1 1 0 0.01
r 832 -416 832 -464 0 1000
207 416 -384 416 -432 4 \p9V
w 320 -480 304 -480 0
w 464 -480 480 -480 0
w 480 -480 480 -352 0
w 480 -352 464 -352 0
207 384 -336 336 -336 4 Vrtual_gnd
g 416 -320 416 -272 0 0
w 304 -480 304 -560 0
w 304 -560 352 -560 0
w 448 -560 480 -560 0
w 480 -560 480 -480 0
c 512 -352 560 -352 4 0.000001 4.7277183048747276 0.001 0
w 560 -352 560 -336 0
r 560 -336 560 -288 0 1000
g 560 -288 560 -272 0 0
w 352 -368 304 -368 0
c 240 -368 176 -368 4 0.000001 4.742501760864547 0.001 0
r 240 -368 304 -368 0 100
g -176 -368 -176 -336 0 0
w -48 -368 64 -368 0
w 64 -368 176 -368 0
w 64 -368 64 64 0
w 176 64 64 64 0
c 112 -928 160 -928 4 1.0000000000000001e-7 -4.827652814448098 0.001 0.1
w 160 -928 224 -928 0
r 224 -816 224 -752 0 330
w 224 -928 288 -928 0
r 496 -816 416 -816 0 1000000
w 496 -816 496 -912 0
w 640 -912 656 -912 0
r 656 -912 656 -848 0 1000
w 656 -912 704 -912 0
c 704 -912 704 -848 4 0.00001 0.5268292452272415 0.001 0
g 656 -848 656 -816 0 0
g 704 -848 704 -816 0 0
r 336 -752 336 -816 0 100000
d 608 -912 640 -912 2 default
w 288 -928 384 -928 0
w 336 -896 336 -816 0
w 464 -912 496 -912 0
t 800 -912 832 -912 0 1 -7.8339652402276 0.5268269570323542 100 spice-default
r 832 -1024 832 -976 0 1000
162 832 -976 832 -928 2 default-led 0 1 0 0.01
g 832 -896 832 -816 0 0
r 704 -912 768 -912 0 4700
409 384 -912 464 -912 3 0.6 0 0.023100000000000002 2
207 416 -944 416 -976 4 \p9V
g 416 -880 416 -864 0 0
w 336 -752 224 -752 0
w 224 -928 224 -816 0
c 528 -912 576 -912 4 0.00001 5.123742777255178 0.001 0
r 592 -912 592 -848 0 1000
g 592 -848 592 -816 0 0
w 528 -912 496 -912 0
207 224 -752 224 -704 4 Vrtual_gnd
w 576 -912 592 -912 0
w 592 -912 608 -912 0
w 800 -912 768 -912 0
w 64 -368 64 -928 0
w 112 -928 64 -928 0
368 624 80 624 32 1 0 low_out
368 624 -352 624 -400 1 0 band_out
368 656 -912 656 -960 1 0 high_out
368 496 -912 496 -960 1 0 high_filtered
v -48 -368 -112 -368 0 1 3291.8 0.3 0 0 0.5
207 832 -32 832 -96 4 \p9V
207 832 -464 832 -528 4 \p9V
207 832 -1024 832 -1088 4 \p9V
207 -48 -368 -48 -416 4 Vin
403 -736 -752 -288 -464 0 141_4_0_4098_0.5998155733776794_0.0001_-1_1
x 908 -899 1021 -896 4 44 HIGH
x 918 -349 1088 -346 4 44 MIDDLE
x 937 92 1038 95 4 44 LOW
r 320 -480 400 -480 0 220
r 384 -64 448 -64 0 10000
w 448 -32 448 -48 0
w 448 -48 448 -64 0
w 384 -64 384 -48 0
w 384 -48 384 -32 0
w 384 -896 336 -896 0
r 496 -768 416 -768 0 1000000
w 496 -768 496 -816 0
w 416 -768 416 -816 0
w 416 -816 336 -816 0
w 1456 -416 1456 -400 0
c 1456 -400 1456 -352 4 0.00001 0 0.001 0
g 1456 -352 1456 -336 0 0
o 133 8 0 4098 2.5 0.1 0 1
o 134 8 0 4098 5 0.1 1 1
o 135 8 0 4098 2.5 0.1 2 1
38 0 F1 3 20 8000 -1 Frequency
38 137 F1 3 20 8000 -1 Frequency

