$ 0 0.000005 2.008553692318767 54 5 50 5e-11
w 384 704 384 624 0
w 384 624 448 624 0
v 384 752 384 704 0 1 10000 0.5 0 0 0.5
g 384 752 384 784 0 0
c 448 624 496 624 4 1.0000000000000001e-7 -4.680345148522531 0.001 0.1
w 496 624 560 624 0
r 560 736 560 800 0 220
w 560 624 624 624 0
r 848 736 768 736 0 1000000
207 1360 352 1360 288 4 \p9V
v 1280 352 1360 352 0 0 40 9 0 0 0.5
g 1280 352 1248 352 0 0
w 848 736 848 640 0
w 992 640 1008 640 0
r 1008 640 1008 704 0 1000
w 1008 640 1056 640 0
c 1056 640 1056 704 4 0.000009999999999999999 1.0128447921012347 0.001 0
207 1120 640 1120 592 4 Vout
207 384 624 384 576 4 Vin
207 848 640 848 592 4 V(filtered)
g 1008 704 1008 736 0 0
g 1056 704 1056 736 0 0
r 672 800 672 736 0 100000
d 960 640 992 640 2 default
w 688 624 736 624 0
w 672 656 672 736 0
w 816 640 848 640 0
x 756 468 921 471 4 24 5x\samplification
x 406 473 635 476 4 24 -3\sdB\spoint\s@\s~5\skHz
w 624 624 688 624 0
t 1120 640 1152 640 0 1 -0.6010650559455162 0.8199067357680734 100 spice-default
r 1152 528 1152 576 0 1000
162 1152 576 1152 624 2 default-led 1 0.5 0 0.01
g 1152 656 1152 688 0 0
r 1056 640 1120 640 0 4700
409 736 640 816 640 3 0.6 0 0.023100000000000002 2
207 768 608 768 576 4 \p9V
g 768 672 768 688 0 0
423 544 496 551 567 0
423 800 560 816 490 0
w 672 800 560 800 0
w 560 624 560 672 0
c 880 640 928 640 4 0.00001 5.510211941844149 0.001 0
r 944 640 944 704 0 1000
g 944 704 944 736 0 0
w 880 640 848 640 0
r 1360 352 1440 352 0 100000
r 1440 352 1520 352 0 100000
c 1440 352 1440 416 4 5e-9 4.500471740244259 0.001 0
g 1520 352 1520 432 0 0
g 1440 416 1440 432 0 0
207 1600 160 1648 160 4 Vrtual_gnd
207 560 800 560 848 4 Vrtual_gnd
w 928 640 944 640 0
w 944 640 960 640 0
g 1520 192 1520 208 0 0
207 1520 128 1520 96 4 \p9V
409 1488 160 1568 160 3 0.6 0 0.023100000000000002 2
w 1440 352 1440 144 0
w 1440 144 1488 144 0
w 1488 176 1488 240 0
w 1488 240 1600 240 0
w 1600 240 1600 160 0
w 1600 160 1568 160 0
207 1152 528 1152 464 4 \p9V
w 672 656 736 656 0
w 672 736 736 736 0
w 736 736 736 784 0
w 736 784 768 784 0
w 736 736 768 736 0
r 768 784 848 784 0 1000000
w 848 784 848 736 0
r 560 672 560 736 0 100
o 18 1 0 4098 10 0.00009765625 0 4 18 3 19 0 19 3
o 17 1 0 4099 1.006554722274862 0.0001 1 1
38 2 F1 3 100 10000 -1 Frequency
