$ 0 0.000005 26.59566520631553 54 5 50 5e-11
v 176 288 176 224 0 1 79.4 0.5 0 0 0.5
w 352 224 384 224 0
w 512 240 480 240 0
g 176 288 176 320 0 0
207 720 240 720 192 4 out
207 176 224 176 176 4 in
r 384 128 448 128 0 10000
c 448 32 384 32 4 1.0000000000000001e-7 2.1536744104914307 0.001 0
w 352 112 352 224 0
r 240 224 304 224 0 1000
409 384 240 464 240 1 0.6 -6.359792740992768 0.0231 0
c 240 224 176 224 4 0.000009999999999999999 4.612646417226937 0.001 0
d 560 240 624 240 2 default
r 640 240 640 304 0 1000
g 640 352 640 368 0 0
c 720 240 720 304 4 0.000033 1.0438883124859883 0.001 0
g 720 304 720 320 0 0
r 752 240 832 240 0 4700
w 752 240 720 240 0
t 832 240 864 240 0 1 0.4841247661151896 0.6463113090669363 100 default
w 864 256 864 288 0
g 864 288 864 320 0 0
162 864 176 864 224 2 default-led 1 0 0 0.01
r 864 176 864 128 0 1000
207 1264 -32 1264 -96 4 \p9V
v 1184 -32 1264 -32 0 0 40 9 0 0 0.5
g 1184 -32 1184 0 0 0
r 1264 -32 1344 -32 0 100000
r 1344 -32 1424 -32 0 105000
c 1344 -32 1344 32 4 0.000009999999999999999 4.606215602367995 0.001 0
g 1344 32 1344 48 0 0
g 1424 -32 1424 16 0 0
207 1504 -224 1568 -224 4 Vrtual_gnd
207 1424 -256 1424 -288 4 \p9V
w 1344 -32 1344 -240 0
w 1344 -240 1392 -240 0
w 1392 -208 1392 -144 0
w 1392 -144 1504 -144 0
w 1504 -144 1504 -224 0
w 1504 -224 1472 -224 0
409 1392 -224 1472 -224 3 0.6 -3.999019695643362 0.023100000000000002 0
g 1424 -192 1424 -176 0 0
207 416 208 416 160 4 \p9V
w 448 112 480 112 0
w 480 112 480 240 0
w 480 240 464 240 0
207 384 256 336 256 4 Vrtual_gnd
g 416 272 416 320 0 0
w 352 112 352 32 0
w 352 32 384 32 0
w 448 32 480 32 0
w 480 32 480 112 0
c 512 240 560 240 4 0.000009999999999999999 5.697941073369972 0.001 0
w 560 240 560 256 0
r 560 256 560 304 0 1000
g 560 304 560 320 0 0
x 328 -154 665 -151 4 24 By\sformulas\s-3\sdB\s@\s196\sHz
x 250 -85 763 -82 4 24 Actually\sset\sup\sfor\sLED\sto\sshine\s@\s<500Hz
w 352 224 304 224 0
x -523 -20 -48 -17 4 24 As\sa\smatter\sof\sfact,\sis\sa\sband\spass\sfilter
x -502 51 143 54 4 24 The\sfirst\s(high\spass\sfilter)\sis\sset\sso\sthat\s-3dB\s@\s16\sHz\s
x -500 111 -34 114 4 24 Low\spass\sis\sset\sso\sthat\s-3\sdB\s@\s318\sHz
207 864 128 864 64 4 \p9V
r 384 96 448 96 0 10000
w 352 112 384 112 0
w 384 112 384 128 0
w 384 112 384 96 0
w 448 112 448 96 0
w 448 112 448 128 0
r 640 304 640 352 0 1000
w 720 240 640 240 0
w 640 240 624 240 0
207 512 240 512 192 4 filtered
o 4 64 0 4099 2.5 0.00009765625 0 2 4 3
o 5 64 0 4099 10 0.00009765625 1 3 5 3 72 0
38 0 F1 3 20 2000 -1 Frequency

